4294967279,101
4294967279,396
4294967278,333
4294967279,104
4294967279,103
4294967279,102
4294967278,332
4294967279,395
8,10
8,0
4294967279,394
4294967278,331
4294967279,107
4294967279,106
4294967279,105
4294967278,150
4294967278,146
4294967278,330
4294967279,118
4294967279,117
4294967279,116
4294967279,115
4294967279,114
4294967279,113
4294967279,112
4294967279,111
4294967279,110
4294967279,109
4294967279,108
4294967278,135
4294967279,135
4294967279,393
4294967278,329
8,9
4294967278,269
4294967278,268
4294967278,282
4294967278,266
4294967278,265
4294967279,287
4294967278,280
4294967278,264
4294967278,263
4294967278,278
4294967278,261
4294967278,259
4294967278,258
4294967278,257
4294967278,328
4294967279,255
4294967279,254
4294967279,253
4294967279,250
4294967278,251
4294967279,248
4294967279,246
4294967279,122
4294967279,121
4294967279,120
4294967279,119
8,8
4294967278,230
4294967279,130
4294967279,129
4294967279,128
4294967279,127
4294967279,126
4294967279,125
4294967279,124
4294967279,123
4294967278,327
4294967279,392
4294967279,391
4294967278,326
4294967278,194
4294967278,325
4294967279,390
8,7
4294967278,9
4294967278,8
4294967278,7
4294967278,6
4294967278,5
4294967278,4
4294967279,132
4294967279,131
4294967278,324
8,6
8,5
4294967278,323
4294967279,389
4294967278,149
4294967278,148
4294967278,147
4294967278,21
4294967278,20
4294967278,19
4294967278,18
4294967278,17
4294967278,16
4294967278,15
4294967278,14
4294967278,281
4294967278,13
4294967278,12
4294967278,11
4294967278,10
4294967278,145
4294967278,144
4294967278,143
4294967278,142
4294967278,141
4294967278,140
4294967278,139
4294967278,138
4294967279,279
4294967278,276
4294967279,137
4294967278,136
4294967278,275
4294967278,134
4294967279,133
4294967278,133
4294967278,272
4294967278,271
4294967279,274
4294967279,273
4294967279,270
4294967279,268
4294967279,266
4294967279,265
8,4
8,3
8,2
8,1
4294967279,285
4294967294,429
4294967294,187
4294967294,1418
4294967278,24
4294967278,23
4294967278,22
4294967278,322
4294967279,261
4294967279,388
4294967278,321
4294967278,320
4294967279,387
4294967279,386
4294967278,319
4294967278,28
4294967278,27
4294967278,26
4294967278,25
4294967278,318
4294967278,317
4294967278,34
4294967278,33
4294967278,32
4294967278,31
4294967278,30
4294967278,29
4294967279,385
4294967278,249
4294967278,246
7,4
7,3
7,2
7,1
4294967294,1420
4294967294,1419
4294967294,2
4294967294,954
4294967278,241
4294967279,384
4294967278,239
4294967294,17
4294967294,99
4294967294,76
4294967294,41
4294967278,36
4294967278,35
4294967279,25
4294967279,24
4294967279,22
4294967279,21
4294967279,20
4294967279,19
4294967279,17
4294967279,16
4294967279,14
4294967279,12
6,4
6,3
6,2
6,1
4294967294,42
4294967294,39
4294967294,909
4294967294,186
4294967294,470
4294967294,25
4294967294,905
4294967294,29
4294967294,1
4294967294,440
4294967294,393
4294967294,0
4294967294,107
4294967294,91
4294967294,90
4294967294,87
4294967294,86
4294967294,85
4294967294,84
4294967294,419
4294967294,923
4294967294,955
4294967294,28
4294967294,924
4294967294,27
4294967294,53
4294967294,51
4294967294,52
4294967294,45
4294967294,44
4294967278,229
4294967294,22
4294967294,82
4294967278,227
4294967294,94
4294967294,96
4294967294,9
4294967294,8
0,7
4294967294,93
4294967294,95
4294967294,83
4294967294,92
4294967294,88
4294967294,425
4294967294,43
4294967294,418
4294967294,50
4294967294,471
4294967294,127
4294967294,19
4294967294,11
4294967278,214
4294967278,316
4294967278,206
4294967278,200
4294967279,319
4294967278,188
4,10
4,0
4294967278,183
4294967278,178
4294967278,315
4294967279,318
4294967278,173
4294967278,169
4294967278,164
4294967278,161
4294967278,314
4294967278,158
4294967278,154
4294967278,152
4,9
4294967279,317
4294967279,136
4294967279,316
4294967279,272
4294967279,271
4294967279,269
4294967279,267
4294967279,315
4294967279,264
4294967279,263
4294967279,262
4294967279,284
4294967279,259
4294967294,5
4294967278,313
4294967279,258
4294967278,312
4294967279,314
4294967278,311
4,8
4294967279,313
4294967278,310
4294967278,0
4294967279,312
4294967278,309
4294967279,311
4294967278,308
4294967279,310
4294967278,307
4294967279,309
4294967278,306
4294967278,305
4294967279,308
4294967279,0
4294967278,254
4294967278,253
4294967278,252
4294967278,250
4294967278,248
4294967278,247
4294967278,244
4294967278,242
4294967278,240
4294967278,238
4294967278,237
4294967278,236
4294967278,234
4294967278,232
4294967278,231
4294967278,228
4294967278,226
4294967278,224
4294967278,222
4294967278,220
4294967278,218
4294967278,216
4294967278,215
4294967278,213
